x,y,alfa,betta,gamma,fi:
0.101000 -1.826794 0.101000 0.398000 0.098000 26.247606
0.199000 -3.170616 0.098000 0.294000 0.049000 22.559220
0.248000 -3.658293 0.049000 0.202000 0.052000 12.782330
0.300000 -4.065048 0.052000 0.302000 0.099000 16.489357
0.399000 -4.567372 0.099000 0.398000 0.100000 24.583608
0.499000 -4.665043 0.100000 0.400000 0.100000 23.263674
0.599000 -4.374987 0.100000 0.404000 0.102000 19.364304
0.701000 -3.749936 0.102000 0.400000 0.098000 19.491174
0.799000 -2.831041 0.098000 0.396000 0.100000 19.339005
0.899000 -1.571077 0.100000 0.402000 0.101000 17.733405
p,q:
-0.246231 65.948759 
-0.181569 59.644573 
-0.269286 51.059488 
-0.343753 48.036119 
-0.274749 54.477344 
-0.268438 47.824804 
-0.270445 38.662562 
-0.263148 41.748075 
-0.270116 41.186434 
-0.269342 36.307152 
a,b,c,d:
-1.826794 16.297786 53.146970 -526.207626 
-3.170616 11.146029 51.990939 11.796238 
-3.658293 8.839510 42.152678 200.780836 
-4.065048 6.883574 33.075626 174.558681 
-4.567372 3.092041 43.520997 -105.508792 
-4.665043 -1.077891 39.877642 36.433546 
-4.374987 -4.552031 29.605173 102.724697 
-3.749936 -7.769920 33.490689 -38.093302 
-2.831041 -10.948550 31.379297 21.544817 
-1.571077 -14.332872 36.307152 -49.278550 
0.000000 -16.166383 0.000000 359.476755 
